100
105
107
112
36.10611109
44.08621943
38.33572625
40.51405977
57.4169015
58.79014404
36.26578097
44.28682529
49.69115947
50.18350223
33.45937231
53.69604374
58.71406209
100
105
107
112
54.48435943
59.87036154
37.51781759
56.4477055
46.62850543
50.41652567
100
105
107
112
68.98347109
56.61188372
42.24108537
33.11742637
64.6979168
32.5473465
53.67956855
50.9752114
52.58740926
36.35770831
58.80691258
36.18881759
45.18965612
56.99315416
66.96812627
60.91192907
48.49541502
18.69910649
42.08964512
64.53817082
51.02593002
55.20011397
42.98313502
46.66071852
49.20140501
47.21720428
51.46350372
52.13375883
49.41787998
65.18251323
59.66364865
60.66055144
49.50200252
31.93028547
35.52242065
50.40305621
60.68171977
61.20043605
34.67854118
44.93205731
51.50289473
46.41216668
41.65244914
57.41075854
52.40965961
55.69501303
61.52029385
56.38954729
61.10494157
30.80348883
30.25748926
62.25892726
50.02677507
53.62908104
43.85182999
62.14425798
47.48194816
38.3640338
39.60585473
54.61305297
33.78974549
51.22031398
60.96004765
44.97062026
36.36193195
40.06767522
55.46541897
48.48140441
52.85744658
68.41265783
39.76439023
69.66419644
61.89425073
49.4668483
56.14997493
59.06841271
53.70960706
58.93064978
54.88988469
66.28722289
61.47047627
64.37611037
43.03855004
61.28857835
55.03016844
43.78345155
40.88972673
53.65956621
33.57991952
63.46267483
51.71830614
45.05736412
27.78341319
59.96156329
49.68072392
43.46041612
53.1092053
33.34918808
46.51656856
59.95363881
40.11892325
46.69631007
56.30568508
53.74753586
47.28453128
59.22218532
56.82099438
48.58750861
39.20111407
61.78500155
46.87539248
46.91632871
46.46129124
54.11344651
62.5563826
49.70198521
48.92544406
46.84189061
49.45390952
49.91285443
31.29513316
41.79898773
38.73371694
62.55802456
45.1185602
45.77783434
43.07228824
49.34543773
48.0661129
50.95109486
64.60123982
41.1007992
53.70608601
47.76250087
44.42843292
46.18489569
56.65162953
67.33757475
61.22475056
40.91893085
55.57324276
39.99739395
57.58969897
52.70330298
47.72237544
44.46440381
52.98957672
36.06184501
65.6462243
59.80021775
40.26503519
65.15500252
52.68662404
58.45156735
57.34937348
45.11746991
52.14901257
58.41513843
55.95576433
48.08925503
40.37202621
44.0729026
57.32564209
42.03108902
48.3970794
49.39119594
68.4477804
44.92384123
38.90245364
39.81082521
46.10314828
39.96404054
55.93991772
67.19170165
53.85736881
46.90818402
52.03094425
35.21694281
59.10769125
43.75320804
26.88809384
64.88187764
61.76159208
41.1141101
69.53641913
30.18393733
25.4527989
31.73320076
50.81723103
53.55202216
59.88774359
53.76530854
38.39484248
48.95687546
47.86253685
38.74637887
52.10036531
53.93716797
26.77652507
50.6030565
51.11864624
50.72874628
57.76349498
45.1567169
46.65656598
36.42755924
45.3879874
39.55686121
58.90485641
56.43428013
52.63763119
49.22154873
77.29962082
41.5433145
74.94014914
60.41294608
48.18794841
54.63375135
42.94072804
35.71214771
38.75059264
57.91888728
51.89398853
57.8443714
50.04830952
58.45408591
47.41237411
47.75201474
36.46735374
51.02741317
48.13768034
58.74020727
46.04629916
21.68319819
45.08109173
60.54469608
36.02230445
54.86328408
32.94556105
52.74203868
47.35242875
51.38456989
54.36552554
45.4373224
53.35843629
33.55427401
53.32605249
51.30340078
51.39623531
46.24822964
43.77128267
53.50062318
43.95482762
47.07671091
62.16647407
37.07849987
63.25933493
73.26251945
41.50771842
50.20964108
73.15666587
61.75001438
34.38971181
53.82392019
57.30812513
33.75891491
43.81103553
55.77637831
40.72327028
43.57894365
55.18859949
66.66534508
33.22675791
65.69805406
64.6897995
31.16808138
39.44057542
45.22084161
41.09121359
59.72363311
59.74186114
45.6956043
46.09278342
57.86125448
43.44634261
32.13004615
49.80712599
49.88563499
29.3898845
48.41139002
53.12200496
41.66968091
38.78904279
54.76649858
38.23764559
51.84397976
37.15965249
38.11281959
43.83737294
57.3537049
35.54418039
55.29248557
43.1208892
65.67240892
49.89806504
62.95179106
70.07864148
59.3562665
38.85495364
45.54544927
47.98105719
49.87650466
38.30451145
44.9011853
42.42528067
56.76296192
44.13226473
49.1910508
49.39005342
54.72629203
49.86166648
41.17650535
49.16042712
55.35253037
57.11241117
54.58535303
58.49159543
64.49594853
49.14974491
52.55516746
51.36336529
45.16250473
54.84561166
58.05773171
47.81812731
57.17918257
46.43153301
49.91265695
56.58827544
48.86953642
63.29541974
40.92071085
41.39822695
32.62769787
61.47546027
44.81884654
74.99052009
54.17978708
47.45747518
55.57795777
44.04417777
63.8963017
47.71336845
51.45168082
71.50972176
49.45895349
38.71954111
47.86793489
56.48017612
64.99746487
48.77997579
50.94417868
27.99562787
46.0605331
46.78615664
31.04725448
31.72682741
57.47023943
50.85707715
58.75827488
43.9243578
34.76324031
44.27697167
50.01451633
46.52797495
43.24358545
38.65125637
58.84193901
43.89057319
38.63650936
48.59213505
57.78265485
49.09932148
48.61946465
39.74243254
61.49473136
41.92010973
47.83073463
43.06040358
61.24204392
56.16412434
43.37937198
54.49795406
50.47188557
58.60199614
40.51446732
57.03429451
46.70705417
46.69513613
52.59391522
51.32998482
51.65535818
59.47280744
52.59360578
46.82863887
48.00195849
68.51040514
43.57093426
63.80748601
56.51485582
51.3324955
44.83802636
53.119528
47.06637147
65.99475232
48.58940587
60.03263407
58.08232289
53.15984976
47.50647029
56.61574295
39.84623171
46.75071961
42.80611129
45.44404222
43.85420997
56.13040657
39.94957875
24.5614647
50.67414673
54.90055204
45.57741714
36.87428445
71.4532567
51.59674698
27.91977648
50.92183787
51.9562885
63.2351394
33.25635254
26.77005749
51.11750625
37.32407643
57.75844609
43.47660358
53.8531485
46.63465347
50.04988866
33.58528326
58.11167875
38.1248206
44.80801249
32.15268582
49.3116366
45.20836637
62.54014055
44.6223628
37.74143251
34.56634162
50.9945206
72.44110331
40.71006222
62.35246505
66.61566249
31.39354372
69.98235937
51.55571177
60.64285633
44.54807675
72.30002628
48.12186092
54.45826351
55.74268701
48.72045364
36.78379337
53.44315627
42.53076124
50.53097942
56.78454354
59.60970634
45.09620717
52.09963684
55.32919133
53.04405614
45.91173187
46.15568431
61.58941929
36.87225313
56.20513386
56.58008611
32.14700223
47.49092242
48.122699
45.75457428
73.21589232
43.80478888
47.91188248
48.42262957
44.39928441
42.45274187
47.81295229
67.77924397
50.98324074
28.22186803
42.93785915
54.35010633
55.29169089
66.6171842
43.47410907
46.29645554
53.97063008
37.87540073
61.8414714
46.61518077
53.19079749
50.77206872
40.90537654
40.42207881
48.9543337
68.42829051
41.78937744
56.87030813
54.45256459
49.34925916
72.99347031
52.66808516
48.84743313
36.60466321
39.98873648
51.80418585
59.32063588
58.18808238
58.34293059
40.49927063
61.206901
65.36611472
54.55977573
58.55702141
29.55534721
50.95762274
60.69889299
51.25472908
45.61199507
30.72833779
55.29611081
57.16622032
61.91718223
56.76749536
35.85828562
31.9778865
47.83570258
35.25862189
55.95870786
59.11306916
53.69302165
51.9478874
46.48025199
53.92256583
49.78586379
40.16380968
37.29399148
67.04683836
45.25104689
37.46110976
57.34427517
46.8596545
58.66882554
52.65921061
38.39139899
56.53830139
39.65473515
46.32595973
48.56011795
55.32932433
67.76260737
50.68714162
55.20183981
48.46109059
37.8048914
37.76402038
67.63488714
52.34992949
59.43187836
48.48636799
67.45753009
48.4404503
58.2343042
61.18653597
50.88301948
42.23076654
58.22278513
42.3128601
65.84973883
48.76780572
45.40633059
51.80130769
53.60043196
34.11456219
42.1537586
43.72935551
55.47746885
62.5405506
52.44837971
57.2381528
67.38530591
34.2892461
43.40570066
61.33504257
43.23311514
56.08128709
46.41264319
71.39111231
44.66637435
68.54472086
54.61017245
52.51683879
65.83683675
54.03395915
57.49528698
39.6660296
36.34590984
48.71379644
48.03795777
31.37932643
55.75510779
48.24393377
53.35305781
63.94445939
64.04287952
47.49129292
45.26476791
38.54276731
61.79319534
30.51425086
52.95606521
38.26871926
56.47538927
35.08557712
38.35247983
47.67896162
62.37644121
44.37671218
46.6386037
37.03569327
49.45791179
41.88173836
73.53198455
63.74596224
39.20738835
42.53090613
46.79264026
49.49277292
60.13877832
57.81865959
66.27073601
55.14539031
52.01828279
46.56093667
40.36372107
51.41665535
58.18807865
59.47615381
35.24386401
56.10185646
55.14205946
62.46518838
49.32198779
51.51206402
54.32250445
53.17449437
55.4859391
57.97276767
54.34035234
38.92494464
44.66174706
56.50663812
56.51759552
52.44145773
23.98721124
51.61059645
70.49851857
54.39194709
57.10207323
46.84768808
54.65391948
39.69444119
44.33254383
35.42540657
55.03080173
57.80434993
46.46962047
60.78963586
56.22279102
40.77263339
53.80480032
56.39967833
36.41986631
50.13948846
60.78103328
51.36183029
42.48669605
45.32482479
48.69805421
45.54447406
37.68703787
55.74192744
46.41524919
40.16617111
47.38322975
60.99233388
42.1900329
55.20976131
59.0065265
62.95802583
52.47828745
39.05560424
61.11877923
48.23527198
52.83901575
42.26996488
36.69770507
45.6923656
57.27086919
59.79207012
55.49391035
60.6634429
35.8770494
41.17427095
58.06152352
70.26142738
56.40457811
44.06038339
57.49923459
37.58172395
51.49785476
46.85742449
43.99086774
26.17783272
40.83260263
41.06718714
41.59101136
56.10153966
74.88297765
63.51275112
38.75183006
38.21312329
46.06066537
52.08676854
48.3479852
52.15237107
41.70480883
46.58040127
44.52383945
56.89384693
54.78595645
60.0256364
63.50250406
58.46621868
57.34645371
44.408861
43.65434368
53.72451949
42.27270335
64.78385607
35.94402113
50.80140753
50.88401981
60.30317712
71.57805346
40.83265803
39.49799652
58.32968882
45.32539374
44.88691906
65.95786078
73.56247258
54.68971065
48.12807611
36.32173017
51.10409842
59.12289978
36.84268554
62.92067587
67.3710705
36.43194438
62.53576243
53.00620978
61.96388315
57.43709691
48.09253284
48.91629297
67.96426016
46.17504296
48.25699777
52.06567149
47.13401554
48.94253681
64.15607103
53.31145704
61.71467934
32.7611578
52.07355845
39.54838276
39.1235114
30.93460272
35.76046956
52.18505133
40.92395847
40.36755723
33.91454328
60.78012009
30.60814393
54.65664143
56.36654839
51.08483299
60.12763939
39.23648318
55.15492506
54.4014937
52.14587324
40.58767103
43.63133399
65.12567525
59.3951728
48.29377467
37.21634552
47.77537044
42.35050695
46.75572839
44.81565772
44.61857504
52.12224555
32.87101771
39.67995829
53.07605997
28.09044611
69.37303409
56.31466298
43.08926468
59.29248405
57.66162182
47.08904412
33.07655298
79.67276889
48.41366317
66.82699281
59.32517478
68.57897434
44.44609025
47.11190968
56.60036027
46.9920795
67.12451749
52.26714723
54.40570489
63.40305277
57.58787774
60.40769571
43.89659379
46.06965004
27.30828826
53.69606423
56.95223205
56.61239926
59.74505693
57.56336489
45.9492477
49.4784643
59.51156032
63.83881224
50.27185142
59.25161563
30.74982595
36.87657616
52.47279179
45.62241158
65.72427635
52.97805565
13.76757078
40.26983313
12.58397669
55.57719124
49.24147922
44.66446925
55.79847447
57.26873759
52.70711497
41.8060055
41.71054895
51.94997708
44.58334967
36.37207019
58.35816464
60.70319613
46.09739699
61.20016012
49.80147839
58.50473649
45.9127677
73.01636347
42.18266186
60.45435612
52.73905265
65.89412544
56.46467033
57.87662566
46.26213106
52.92390605
67.07875339
57.31394155
48.14500252
51.03461568
71.09228224
40.31399378
42.30429479
36.64007196
40.48122099
33.00797883
35.43130456
39.2884627
61.88344448
50.12861257
65.0105221
54.19373099
59.49503164
52.94848242
46.2998396
51.77598399
48.69613521
46.82211023
68.25615885
53.75328012
44.03482726
50.88650359
51.20336042
58.78398221
57.54885898
40.86720501
47.49723125
48.80498165
49.86463629
55.88165354
39.88537944
58.31908158
42.00495493
31.29689947
60.97209933
58.98412971
43.82789591
45.42285835
48.58719038
55.26259312
51.86952663
60.4787017
58.72877366
57.67023372
48.9252204
60.1987771
59.97346796
48.68073918
45.51204813
59.95230428
36.31393541
44.03513107
58.44733777
43.96311577
53.68142881
58.79001451
48.59537316
51.57821527
43.7298315
52.11472018
57.59037195
58.12294967
51.36820617
42.12328361
48.82456822
59.95549834
53.62015429
56.93480233
49.60772936
61.87381093
45.17342449
29.15983049
31.34707724
66.0819396
52.34694807
55.62918613
54.71529807
42.42483846
40.76969461
51.39896494
50.19756279
52.18082296
47.28496475
38.14177849
54.75940955
62.43348506
33.81678708
61.39847039
72.020281
51.05149878
50.72784585
53.03010328
49.76192536
39.45897314
36.02684348
53.95690267
51.95496916
61.98888996
46.30572605
47.39400764
49.03932579
55.19768172
59.21785919
40.63747881
45.93303003
35.76046424
58.17490937
59.70256771
72.60852521
44.86835299
61.24343172
45.36211439
55.06330664
34.929494
66.73830383
30.43575275
40.65934524
44.68346077
54.56314651
34.55270722
55.11074047
50.86965802
60.49983351
63.71789688
56.284241
44.42971289
40.51166181
73.24597865
55.31533179
42.66587219
46.18791696
42.76257471
44.16075845
78.66332744
44.21280684
37.29386782
56.28489259
56.68241235
42.19365884
52.71800724
54.94101025
45.63453853
59.44695313
45.47698357
65.96991247
73.85795101
41.85698159
32.9247109
49.6311642
46.92581016
40.85031553
48.20141158
47.66033347
36.32722148
43.0240449
46.469323
54.42195532
45.99322672
35.3731171
32.78874423
53.16229511
50.1789663
40.99283538
55.73671481
53.40736881
49.46414373
51.80886657
51.24460893
41.38579273
43.34404435
56.96813452
50.69027342
44.90555545
50.21524073
35.6085269
44.7693669
63.0208576
28.7546412
41.49713849
56.46626486
71.32260218
59.56451665
70.81694341
54.79113047
47.11537942
48.89671701
53.53804483
61.71159414
49.45841583
42.65330273
48.64288034
65.08874159
